nohup: ignoring input
hiding delta: 5.402221549044766e-08
stronger: 0.2689414213699951
generalized: 0.31002551887238755
None
None
None
[<blanket.shuffleddp.amplification_bounds.Hoeffding object at 0x7f11a3fe91c0>, <applifytheory.RDP object at 0x7f112c65b7c0>, <applifytheory.UniS object at 0x7f112c65b850>, <applifytheory.General_GDP object at 0x7f112c65b8e0>, <applifytheory.PerS_RR object at 0x7f112c65b970>, <applifytheory.HP_fDP object at 0x7f112c65b9d0>]
theory,mech: BBGN None
dist: Uniform2
1000 	 1.9955243506735405
1274 	 1.9976047981600182
1623 	 1.9978934393847587
2069 	 1.9998343045361917
2636 	 1.9995878276958639
3359 	 1.999895039306283
4281 	 1.6353177169326578
5455 	 1.3433586398427728
6951 	 1.1298652796395825
8858 	 0.9619726137119357
11288 	 0.8275192091794746
14384 	 0.7153475845691969
18329 	 0.6210198845775605
23357 	 0.540724047264833
29763 	 0.47182222963468307
37926 	 0.41238157710748596
48329 	 0.36083430776255687
61584 	 0.3160548841390585
78475 	 0.2769770377317697
100000 	 0.24288994837068273
theory,mech: GDDTK None
dist: Uniform2
1000 	 1.8360101595423866
1274 	 1.743996363385796
1623 	 1.6292326835592446
2069 	 1.480135600587768
2636 	 1.2929114536811142
3359 	 1.0540754687142253
4281 	 0.7479430791922993
5455 	 0.620081199505368
6951 	 0.5623484859897495
8858 	 0.5091593722047172
11288 	 0.46120198555278746
14384 	 0.4178937262480602
18329 	 0.3795091553773282
23357 	 0.3457693230103417
29763 	 0.31192509689100467
37926 	 0.27538552566922625
48329 	 0.24346082005651581
61584 	 0.21581334151288512
78475 	 0.1920880596034125
100000 	 0.1719356354620546
theory,mech: FV None
dist: Uniform2
1000 	 0.4316862469916566
1274 	 0.34924106517902953
1623 	 0.29046892823981396
2069 	 0.2466320478542367
2636 	 0.21372908736019625
3359 	 0.18143218073709114
4281 	 0.15747093993229522
5455 	 0.1365151452595086
6951 	 0.11912242592096386
8858 	 0.10433624042544162
11288 	 0.09527526204040945
14384 	 0.07906521399126383
18329 	 0.06922205965110688
23357 	 0.06323999520820027
29763 	 0.052927070765305555
37926 	 0.04684578917814107
48329 	 0.040499559519781014
61584 	 0.0362288581965062
78475 	 0.030927533037210603
100000 	 0.02852182817949913
theory,mech: CCC None
dist: Uniform2
1000 	 0.21731505170464516
1274 	 0.1895708404481411
1623 	 0.16591266728937626
2069 	 0.14505011029541492
2636 	 0.12668181210756302
3359 	 0.1120230508968234
4281 	 0.09746385272592306
5455 	 0.08471409790217876
6951 	 0.07483858149498701
8858 	 0.06545091979205608
11288 	 0.05733201280236244
14384 	 0.05005500512197614
18329 	 0.04378295270726085
23357 	 0.03832199610769749
29763 	 0.033474930096417665
37926 	 0.029291033279150724
48329 	 0.02557697705924511
61584 	 0.022339882561936975
78475 	 0.019512774888426065
100000 	 0.01702874549664557
dist: Gauss2
1000 	 0.23373737931251526
1274 	 0.20745231769979
1623 	 0.1817149855196476
2069 	 0.1594774890691042
2636 	 0.13937986455857754
3359 	 0.12209939770400524
4281 	 0.10650067590177059
5455 	 0.09364540688693523
6951 	 0.08183590602129698
8858 	 0.07141182199120522
11288 	 0.06273041944950819
14384 	 0.054848818108439445
18329 	 0.047976935748010874
23357 	 0.042041982524096966
29763 	 0.03668707795441151
37926 	 0.03198098856955767
48329 	 0.028038749005645514
61584 	 0.024484137538820505
78475 	 0.021403683349490166
100000 	 0.018671919824555516
theory,mech: EoN_RR None
dist: Uniform2
1000 	 0.4130208160619925
1274 	 0.34084561198379737
1623 	 0.28472800097448575
2069 	 0.24309177243892083
2636 	 0.20376274064258076
3359 	 0.17979116092250502
4281 	 0.15523098225188037
5455 	 0.13473957608938686
6951 	 0.11792956042070872
8858 	 0.10200819080427019
11288 	 0.08916557519982538
14384 	 0.07792538623102059
18329 	 0.06827892825366581
23357 	 0.0595018312477263
29763 	 0.052119066948078385
37926 	 0.045543906261083025
48329 	 0.03969983699271547
61584 	 0.03475782252305283
78475 	 0.030304314958882004
100000 	 0.026571327560797782
dist: Gauss2
1000 	 2.0
1274 	 0.4203003329674616
1623 	 0.3367840572158931
2069 	 0.2821044769029438
2636 	 0.23592499559942037
3359 	 0.20376755465986343
4281 	 0.17563156055483795
5455 	 0.15226531248575784
6951 	 0.1332343695898279
8858 	 0.11563467280930764
11288 	 0.10070388163612778
14384 	 0.08837632189886624
18329 	 0.07685053830709325
23357 	 0.06730158726612379
29763 	 0.05868498023952402
37926 	 0.051360760534309886
48329 	 0.044799289313534246
61584 	 0.03925696739388301
78475 	 0.03431011746249952
100000 	 0.029997784316465322
theory,mech: HPS RR
dist: Uniform2
1000 	 0.44589506609154167
1274 	 0.3844153684511067
1623 	 0.33376711428270456
2069 	 0.28812503018831165
2636 	 0.2506855126580998
3359 	 0.21766976886209416
4281 	 0.18973950116723337
5455 	 0.16541301423763893
6951 	 0.14420954685203885
8858 	 0.12588763090182295
11288 	 0.10977567786888279
14384 	 0.09586639895314485
18329 	 0.08378756345081728
23357 	 0.07314242525607959
29763 	 0.06391397976144798
37926 	 0.055826556829137855
48329 	 0.04877112139086061
61584 	 0.042585854976272874
78475 	 0.037194497115765
100000 	 0.03249188202991955
dist: Gauss2
1000 	 0.45822857692837715
1274 	 0.39574563317000866
1623 	 0.3427715450525284
2069 	 0.2961511705070734
2636 	 0.2573439087718725
3359 	 0.22356697916984558
4281 	 0.19475912395864725
5455 	 0.16989031806588173
6951 	 0.1478917608037591
8858 	 0.12918836437165737
11288 	 0.11273408681154251
14384 	 0.09848050959408283
18329 	 0.08590514492243528
23357 	 0.07501505594700575
29763 	 0.0655546966008842
37926 	 0.05725798476487398
48329 	 0.05003698403015733
61584 	 0.043716656509786844
78475 	 0.038177020382136106
100000 	 0.033345443662256
----./epsilon2_ch_pure.pdf----
[<applifytheory.UniS_approax object at 0x7f112c65ba90>, <applifytheory.General_GDP object at 0x7f112c342550>, <applifytheory.HP_fDP object at 0x7f112c342580>]
theory,mech: FV None
dist: Uniform2
1000 	 0.43281456427904685
1274 	 0.35007694754746266
1623 	 0.2905157045328737
2069 	 0.2476178724952448
2636 	 0.21537132929694622
3359 	 0.18302197557207986
4281 	 0.15846934891195558
5455 	 0.13848826285387678
6951 	 0.1210342088558038
8858 	 0.10659794150921326
11288 	 0.09581646302431386
14384 	 0.08196253631067839
18329 	 0.07269350777285999
23357 	 0.06709845957741567
29763 	 0.05833577574616543
37926 	 0.05610671996665221
fail to bound
48329 	 1.9999491460410226
fail to bound
61584 	 1.9999828558687183
fail to bound
78475 	 1.9999921196331178
fail to bound
100000 	 1.9999986715293199
theory,mech: CCC None
dist: Uniform2
1000 	 0.21680825389921665
1274 	 0.18763448111712933
1623 	 0.16481631435453892
2069 	 0.14533118344843388
2636 	 0.1259065978229046
3359 	 0.11102367658168077
4281 	 0.09735202416777611
5455 	 0.08531710598617792
6951 	 0.07445723284035921
8858 	 0.06524395663291216
11288 	 0.05711643025279045
14384 	 0.049999370239675045
18329 	 0.04383786115795374
23357 	 0.03823282662779093
29763 	 0.03345921402797103
37926 	 0.02925348235294223
48329 	 0.02556316088885069
61584 	 0.022302656434476376
78475 	 0.01952960854396224
100000 	 0.017035346245393157
dist: Gauss2
1000 	 0.23433120921254158
1274 	 0.20693481899797916
1623 	 0.18183864653110504
2069 	 0.15926964581012726
2636 	 0.1393156312406063
3359 	 0.12207332998514175
4281 	 0.10644204448908567
5455 	 0.09334446862339973
6951 	 0.0819756044074893
8858 	 0.07187909912317991
11288 	 0.06286550778895617
14384 	 0.054814801551401615
18329 	 0.04798282403498888
23357 	 0.04185922909528017
29763 	 0.03675828222185373
37926 	 0.03204573877155781
48329 	 0.028019833844155073
61584 	 0.02450506086461246
78475 	 0.021366565488278866
100000 	 0.018672632286325097
theory,mech: HPS gaussian
dist: Uniform2
1000 	 0.10032349830444455
1274 	 0.0865231593183325
1623 	 0.0747471246004982
2069 	 0.06468107776335494
2636 	 0.05585626855149213
3359 	 0.048772658777505
4281 	 0.04219088797863357
5455 	 0.03674301065680617
6951 	 0.031922620754353564
8858 	 0.02794945779198789
11288 	 0.02424955171993414
14384 	 0.021096961927247488
18329 	 0.018366347009405305
23357 	 0.01592729427090328
29763 	 0.013918604098804693
37926 	 0.012111860745259658
48329 	 0.010545589730275372
61584 	 0.009169958531074485
78475 	 0.007977974323050984
100000 	 0.006932677898751882
dist: /home/liuyixuan/workspace/HPS/applifytheory.py:102: RuntimeWarning: overflow encountered in double_scalars
  sum += comb(lambd, i) * i * gamma(i/2.0) * ((np.exp(2*eps)-1)**2/(2*np.exp(2*eps)*n_bar))**(i/2.0)
/home/liuyixuan/workspace/HPS/applifytheory.py:104: RuntimeWarning: overflow encountered in exp
  + np.exp(eps*lambd-(n-1)/(8*np.exp(eps)))) # upperbound1
/home/liuyixuan/workspace/HPS/applifytheory.py:102: RuntimeWarning: invalid value encountered in double_scalars
  sum += comb(lambd, i) * i * gamma(i/2.0) * ((np.exp(2*eps)-1)**2/(2*np.exp(2*eps)*n_bar))**(i/2.0)
/home/liuyixuan/workspace/HPS/computeamplification_HP_fDP.py:34: RuntimeWarning: invalid value encountered in double_scalars
  l = - np.sum(wi * pi_top)/np.sum(wi * pi_bottom)
/home/liuyixuan/anaconda3/envs/torch/lib/python3.8/site-packages/scipy/stats/_discrete_distns.py:77: RuntimeWarning: divide by zero encountered in _binom_pdf
  return _boost._binom_pdf(x, n, p)
/home/liuyixuan/workspace/HPS/computeamplification_HP_fDP.py:34: RuntimeWarning: invalid value encountered in double_scalars
  l = - np.sum(wi * pi_top)/np.sum(wi * pi_bottom)
Gauss2
1000 	 0.09189057908952236
1274 	 0.07948642875999212
1623 	 0.0685018259100616
2069 	 0.05939632095396519
2636 	 0.051886535715311766
3359 	 0.04506829101592302
4281 	 0.039002512115985155
5455 	 0.03401501849293709
6951 	 0.029582041082903743
8858 	 0.025747275445610285
11288 	 0.022379151079803705
14384 	 0.019480208633467555
18329 	 0.016949910670518875
23357 	 0.014764120802283287
29763 	 0.012863622279837728
37926 	 0.011176145286299288
48329 	 0.009732174221426249
61584 	 0.008465279242955148
78475 	 0.007362530566751957
100000 	 0.006408085464499891
----./epsilon2_ch_approx.pdf----
